dataset_name=random-ids
num_prompts=10
host=127.0.0.1
port=30000
request_rate=32
max_concurrency=32
model=google/gemma-2-2b-it
timestamp=20260419-041649
outdir=/home/daeun/cs551-spring26-group-proj-sglang/logs/random-ids/20260419-041649
bench_start_epoch=1776572209.060874
bench_end_epoch=1776572245.262345
