dataset_name=sharegpt
num_prompts=4000
host=127.0.0.1
port=30000
request_rate=32
max_concurrency=32
model=google/gemma-2-2b-it
timestamp=20260419-031305
outdir=/home/daeun/cs551-spring26-group-proj-sglang/logs/sharegpt/20260419-031305
bench_start_epoch=1776568385.158345
bench_end_epoch=1776569765.398823
