dataset_name=generated-shared-prefix
num_prompts=4000
host=127.0.0.1
port=30000
request_rate=32
max_concurrency=32
model=google/gemma-2-2b-it
timestamp=20260419-064429
outdir=/home/daeun/cs551-spring26-group-proj-sglang/logs/generated-shared-prefix/20260419-064429
bench_start_epoch=1776581079.275340
bench_end_epoch=1776581900.286776
