dataset_name=random
num_prompts=1000
host=35.220.149.60
port=30000
request_rate=32
max_concurrency=32
model=google/gemma-2-2b-it
timestamp=20260416-192432
outdir=logs/random/20260416-192432
bench_start_epoch=1776367532.049371
bench_end_epoch=1776368203.604025
