dataset_name=sharegpt
num_prompts=1500
host=34.96.237.176
port=30000
request_rate=32
max_concurrency=32
model=google/gemma-2-2b-it
timestamp=20260416-154808
outdir=logs/sharegpt/20260416-154808
bench_start_epoch=1776354548.081882
bench_end_epoch=1776354875.862556
